703
1293
2667
3283
5525
6000
7166
7502
9336
11356
13076
13100
14731
15737
17426
21232
21346
27696
28209
28376
28703
30227
30233
30609
33459
35730
36314
37880
38386
43479
45627
47395
47984
48646
53567
54338
60604
61026
61865
63408
64630
64972
65375
65475
67987
72306
74262
76643
78075
78678
79401
79642
81665
83239
83272
83348
83673
84286
87604
92644
93360
96221
97903
98558
99083
102921
104055
105193
106747
107342
107945
109827
111164
111168
111887
112003
113778
114034
115103
118586
119514
119570
120048
123160
123343
125368
128709
129071
129353
129692
130578
132015
132509
132993
133448
134528
136754
138490
144480
144738
145741
146511
147393
150490
150773
151293
152657
153003
153310
153577
153611
154269
154587
154825
155205
156332
156703
157883
159278
161035
163112
163587
163929
164147
165129
165447
165996
166472
167250
169133
170707
171326
172457
174212
175187
175528
176021
177418
179048
182160
182641
183368
184723
185907
187142
189915
190009
190314
193272
193294
194444
194489
195111
196269
201111
204560
207044
207276
207805
207998
208434
208479
208582
208801
209498
211135
211461
212638
213408
213831
214551
214601
215745
217664
218342
219482
220953
221934
223038
224655
225332
229293
229511
232863
232898
233205
234373
235070
235286
236095
240756
242094
242442
242487
246182
246738
248311
248551
249104
249455
249481
249880
250568
252002
253872
256339
258122
258602
259582
262446
264100
264806
264827
264892
267068
268012
268577
269569
271351
271669
272890
274213
276637
277847
278117
279804
279874
280071
280207
280379
283186
283280
283444
283793
287131
288750
292559
293151
293189
294411
295303
295836
297627
301862
302496
302515
302608
309995
316390
319710
322346
323235
323331
323411
323642
324726
325134
325496
325856
328188
328350
328464
329322
331673
331796
332867
333482
333514
334860
342703
343854
345003
345183
345252
345437
345578
347178
348673
351877
352230
352614
352830
354714
355783
363049
363131
364620
364814
365413
365698
366398
367870
369043
369096
369165
369641
370572
374528
376384
376966
377957
378286
379230
380616
385475
390109
390639
394540
396307
397160
398533
398595
404167
405459
405875
406390
407316
407571
408702
410203
412493
412955
413586
413914
415609
416149
416392
417084
418074
420478
420539
423581
424614
426382
426558
428314
429338
429564
430885
431603
436615
438332
439382
441488
442381
442970
447150
448731
450074
451045
451471
451509
452090
453226
453362
453595
454259
455212
456179
457736
458498
461202
461624
462399
462483
463334
463851
463862
463926
465344
467909
468523
471631
471824
472421
473313
474127
474257
474674
475947
477244
480118
480467
484306
486080
491548
492520
493388
494628
495730
495846
496242
496645
496936
503234
503533
504474
506803
509059
509366
510078
510369
510458
512154
516529
517281
518260
518729
519876
521431
522447
524314
524695
527983
528169
528755
529914
530407
530693
531413
534793
535194
535629
537231
538703
539242
542849
543546
543740
544295
544301
544727
545499
545702
549791
549824
551939
553880
554995
556952
557862
560337
560953
561598
564319
564440
565048
565900
566060
567227
567449
568280
571093
573265
575752
576691
578003
579575
580778
582500
582910
584930
585218
585980
586453
587344
588719
589289
592171
593105
593154
594165
594886
597025
597447
599513
599662
600258
601569
602401
604303
605563
605977
607893
608459
608961
609182
609580
613888
614516
615191
615516
615927
616317
616786
617414
619010
619721
620374
620838
621037
621520
621934
622212
622940
623100
624473
624841
625060
627332
629124
629300
630659
631978
633793
634221
635660
637192
637235
637399
637754
638310
641637
644961
646154
646354
647257
647420
651048
652549
652683
656293
656502
659810
659914
660908
661439
663903
665328
665622
666276
666490
667988
668202
668399
671507
672056
672320
674348
674903
677591
678909
679816
682627
683421
683537
683949
683997
684491
685697
686119
687255
455848
274293
193825
409310
670951
213071
75684
224677
633662
427146
300496
547537
537885
640015
60995
107587
370119
309932
626162
395693
389589
101985
366785
251179
218245
121376
344615
412166
233448
371599
259328
129222
224502
637062
251368
14418
575807
590027
442487
293083
28369
55517
542918
98754
575998
497787
545382
280618
392947
605066
272075
387476
469682
569948
646247
138885
506919
551862
288102
616273
135542
459396
612229
21143
601841
212278
251416
9026
514918
220119
133579
355021
411164
665633
45150
485106
456958
520075
248916
232578
110169
463571
239466
564904
47668
218997
88430
308028
458363
389389
377301
77528
86367
556037
308864
568973
633367
374697
414442
158652
177901
31293
612092
346205
539989
436626
600890
119035
372647
586747
22925
30592
451984
309482
543652
14631
497051
470565
149225
686067
54751
459487
427992
251377
653193
555700
436919
669087
7506
628387
174076
601095
154013
104387
382391
615830
132540
350683
199852
266937
362785
687474
110081
477198
47895
654348
21081
502949
604007
139869
534604
342394
154497
182763
83846
527295
391912
250802
529651
492029
524893
137566
306023
163589
353369
583517
129176
542958
474806
254390
491795
366109
657719
509531
257338
595095
641896
521656
200727
55232
17468
681455
531842
198428
141165
15938
561975
583513
80085
430665
312534
480622
606902
472736
176109
413323
515490
40900
107556
463161
468414
93868
495404
348587
330008
31993
620023
685841
222336
220514
476549
660512
328679
563910
210311
376239
334987
652099
576437
330865
495665
581050
585832
271589
140236
351066
71299
614882
129550
19575
609513
587877
304186
504733
645323
332723
301107
395186
606467
173709
664207
126005
10446
53986
302396
451260
364530
213937
176204
593741
338379
291503
636784
491042
272909
419461
255309
300568
362900
417726
206496
389227
351724
9733
615458
458169
134883
37772
248466
358356
448814
472569
337012
574463
134913
478397
494325
662646
155822
309445
372073
632103
588023
139638
119204
573311
44251
468290
20227
435582
569843
103644
444186
350039
331883
373450
391226
150910
356652
111093
604386
183854
654144
220721
194393
295884
21194
504617
70984
194417
597090
650438
284821
607716
645542
90615
248549
80600
285827
172615
508959
682232
139902
509406
597581
283932
286659
281315
484607
175106
69582
334174
200102
14590
322488
382849
375753
323838
155674
548182
275921
666126
299807
152031
516130
290269
563239
563979
396085
354382
152515
219787
29316
361268
158228
550293
6572
45651
178387
386339
290477
5246
440121
292085
8590
349352
662592
319056
254952
94268
354686
445102
8829
568700
324464
364817
379187
340129
236717
157587
388156
145483
593574
107846
28803
123580
654089
576353
543272
368979
215226
231627
366534
231664
578332
499142
35588
300905
632703
594739
416886
204277
263953
234526
556545
244531
512530
630086
178941
453305
218099
505753
181677
11667
301771
464392
425396
612228
438989
160674
253294
2624
260996
229285
468868
101031
598576
2856
181132
149887
322439
604489
665074
65023
154297
518598
177503
423218
321829
205216
43252
77503
185744
296169
591869
684537
257840
69021
189888
306730
574050
389984
546981
307108
472961
102959
531063
245498
363534
89552
1725
646169
343946
656059
607239
566891
650161
632372
491202
449828
363362
654410
3155
534008
65635
179419
185937
512636
4659
299449
226174
203248
21590
453791
93321
369248
66334
685088
656164
42712
130413
303694
330800
249536
675176
611433
495024
505553
136876
245175
369298
353303
17490
251945
361303
546958
144376
188763
256906
333593
105504
416192
475770
621306
100666
195104
660595
70720
682216
552339
647271
478322
136356
508716
236238
254452
531111
370304
660294
226407
86663
664812
665601
618452
196328
664784
19981
438517
569133
549466
259583
181637
519235
308069
300666
633029
568991
561015
518087
450233
240551
138126
543088
590858
52333
469227
107640
572533
297208
138370
288002
161634
