0	0
1	0
2	0
370	0
383	0
703	1
797	0
855	0
943	0
1009	0
1157	0
1201	0
1204	0
1293	1
1326	0
1382	0
1443	0
1620	0
1725	0
1790	0
1825	0
2091	0
2109	0
2155	0
2519	0
2624	0
2667	1
2717	0
2856	0
2988	0
2997	0
3155	0
3283	1
3367	0
3572	0
3756	0
3848	0
3865	0
4157	0
4189	0
4203	0
4320	0
4400	0
4538	0
4579	0
4659	0
4854	0
5040	0
5085	0
5155	0
5246	0
5252	0
5259	0
5436	0
5525	1
5577	0
5755	0
6000	1
6184	0
6459	1
6572	0
6607	0
6636	0
6723	0
7025	0
7166	1
7304	0
7502	1
7506	0
7655	0
7931	0
8156	1
8414	0
8437	0
8589	0
8590	0
8829	0
8850	0
8901	0
8916	1
9026	0
9091	0
9120	0
9140	0
9336	1
9422	0
9588	0
9616	0
9730	0
9733	0
9810	0
10242	0
10288	0
10446	0
10470	0
10757	0
10787	0
11146	0
11151	0
11353	1
11356	1
11667	0
11685	0
11972	0
12197	0
12230	0
12311	0
12683	0
12687	0
12690	0
12761	0
12925	0
13076	1
13100	1
13183	0
13206	0
13298	0
13579	0
13693	0
13826	0
13904	0
13923	0
13938	0
14318	0
14418	0
14590	0
14631	0
14685	0
14731	1
14797	0
14808	0
14846	0
14919	0
15296	0
15428	0
15450	0
15667	0
15737	1
15874	0
15938	0
15961	0
16508	0
16590	0
16607	0
16819	0
16932	0
17233	0
17242	0
17256	0
17381	0
17426	1
17468	0
17490	0
17505	0
17521	0
17637	0
17643	0
17664	0
17681	0
17769	0
17791	0
17849	0
17975	0
18121	0
18194	0
18265	0
18279	0
18301	0
18370	0
18449	0
18602	0
18720	0
19028	0
19295	0
19305	0
19448	0
19468	0
19565	0
19575	0
19703	0
19813	0
19926	0
19981	0
19992	0
20227	0
20446	0
20553	0
20623	0
20899	0
21001	0
21067	0
21081	0
21143	0
21182	0
21194	0
21232	1
21346	1
21447	0
21543	0
21551	0
21581	0
21590	0
21601	0
21692	0
22241	0
22285	0
22463	0
22807	0
22918	0
22925	0
23113	0
23128	0
23154	0
23175	0
23319	0
23337	0
23630	0
23715	0
23743	0
23982	0
24473	0
24543	0
24726	0
24802	0
24921	0
25073	0
25111	0
25457	0
25469	0
25557	0
25560	0
25659	0
25914	0
26047	0
26155	0
26426	0
26584	0
26712	0
26798	0
26858	0
26929	0
27436	0
27684	0
27696	1
27725	0
27811	1
27973	0
28209	1
28222	0
28341	0
28369	0
28376	1
28574	0
28632	0
28703	1
28706	0
28803	0
28918	1
28983	0
29039	0
29166	0
29316	0
29490	0
29549	0
29553	0
29601	0
29700	0
30015	0
30036	0
30221	0
30227	1
30233	1
30253	0
30256	0
30592	0
30609	1
30874	0
30979	0
31293	0
31336	0
31357	0
31567	0
31747	0
31993	0
32106	0
32144	0
32191	0
32334	0
32335	0
32583	0
32595	0
33006	0
33037	0
33357	0
33459	1
33493	0
33506	0
33533	0
33601	0
33678	0
33819	0
33954	0
34197	0
34301	0
34330	0
34369	0
34826	0
34980	0
35255	0
35588	0
35620	0
35730	1
36060	0
36062	0
36314	1
36628	0
36675	0
36694	0
37086	0
37179	0
37286	0
37300	0
37407	0
37408	0
37772	0
37804	0
37880	1
37939	0
38386	1
38444	0
39067	0
39279	0
39329	0
39427	0
39814	0
40051	0
40055	0
40187	0
40271	0
40468	0
40778	0
40837	0
40900	0
41123	0
41276	0
41468	0
41485	0
41564	0
41604	0
41650	0
41753	0
41755	0
41862	0
41886	0
41993	0
42114	0
42203	0
42295	0
42321	0
42712	0
42720	0
42726	0
42750	0
42835	0
42859	0
43029	0
43103	0
43196	0
43238	0
43252	0
43476	0
43479	1
43746	0
43819	0
43909	0
43951	0
43979	0
44124	0
44251	0
44417	0
44585	1
45150	0
45320	0
45454	0
45549	0
45627	1
45651	0
45854	0
45997	0
46082	0
46182	0
46475	0
46526	0
46532	0
46601	0
46669	0
46702	0
47327	0
47333	0
47395	1
47520	0
47668	0
47731	0
47887	0
47895	0
47984	1
48030	0
48039	0
48433	0
48646	1
48704	0
48750	0
48824	0
48925	0
49101	0
49140	0
49329	0
49353	0
49390	0
49535	0
50084	0
50091	0
50101	0
50131	0
50445	0
50784	0
50903	0
50911	0
51224	0
51411	0
51637	0
51881	0
52105	0
52232	0
52333	0
52369	1
52831	0
53006	0
53057	0
53271	0
53473	0
53541	1
53567	1
53609	0
53986	0
54097	0
54120	0
54294	0
54296	0
54338	1
54350	0
54413	0
54437	0
54583	0
54673	0
54744	1
54751	0
54813	0
55206	0
55230	0
55232	0
55374	0
55379	0
55517	0
55551	0
55574	0
55603	0
55967	0
56017	0
56036	0
56187	0
56261	0
56958	0
57704	0
58305	0
58381	0
58552	0
58698	0
58880	1
59436	0
59516	0
59641	0
59780	0
59848	0
60220	0
60604	1
60648	0
60844	0
60995	0
60996	0
61026	1
61244	0
61260	0
61865	1
61906	0
62030	0
62266	0
62584	0
62732	0
62898	0
62928	0
62938	0
62964	0
62981	0
63014	0
63015	0
63037	0
63156	0
63400	0
63408	1
63720	0
63725	0
63839	0
63988	0
64131	0
64151	0
64161	0
64466	0
64557	0
64630	1
64755	0
64909	0
64922	0
64970	0
64972	1
64998	1
65008	0
65023	0
65253	0
65375	1
65475	1
65624	1
65635	0
65658	0
66165	0
66189	0
66334	0
66364	0
66423	0
66451	0
66581	0
66788	0
66878	0
66948	0
67192	0
67273	0
67468	0
67545	0
67982	0
67987	1
68514	0
68525	0
68766	0
68800	0
69012	1
69014	0
69021	0
69037	0
69052	0
69121	0
69289	0
69325	0
69353	0
69571	0
69582	0
69982	0
70121	0
70320	0
70382	1
70434	0
70447	0
70542	0
70546	0
70555	0
70720	0
70984	0
71299	0
71337	0
71346	0
71499	0
71513	0
71836	0
71845	0
71965	0
72194	0
72306	1
72314	0
72449	0
72917	0
72949	0
73174	0
73265	0
73426	0
73532	0
73651	0
73793	0
73906	0
73967	0
74013	0
74044	0
74131	0
74161	0
74241	0
74262	1
74822	0
74838	0
75085	0
75103	0
75211	0
75370	0
75471	0
75684	0
75756	0
75827	0
75957	0
76024	0
76048	0
76145	0
76217	0
76328	0
76497	0
76575	0
76643	1
76654	0
77106	0
77251	0
77358	0
77383	0
77387	0
77478	0
77503	0
77528	0
77532	0
77650	0
77691	1
77820	0
77992	0
78061	0
78075	1
78417	0
78528	0
78678	1
78756	0
78926	0
79015	0
79089	0
79128	0
79179	0
79332	0
79401	1
79531	0
79612	0
79642	1
79858	0
79913	0
79967	0
79995	0
80014	0
80085	0
80117	0
80172	0
80281	0
80600	0
80710	0
80862	0
80866	0
80912	0
81285	1
81339	0
81416	0
81522	0
81641	0
81665	1
81691	0
81699	0
81840	0
81929	0
82148	0
82283	0
82320	0
82414	0
82472	0
82499	0
82609	0
82821	0
83239	1
83272	1
83348	1
83354	0
83416	1
83482	0
83564	0
83673	1
83830	0
83846	0
83944	0
84139	0
84286	1
84314	0
84417	0
84491	0
84561	0
84592	0
84594	0
84972	1
85099	0
85147	1
85286	0
85595	0
85672	0
85702	0
85818	0
85876	0
85897	0
85904	0
86050	0
86157	0
86232	0
86355	0
86367	0
86455	0
86663	0
86811	0
86977	0
87014	0
87237	0
87345	0
87569	0
87572	0
87588	1
87604	1
87628	0
87674	0
87711	0
87849	0
87986	0
88201	0
88241	0
88430	0
88595	0
88722	0
88802	0
89080	0
89500	0
89532	0
89552	0
89574	0
89745	0
89775	0
89790	0
89916	0
89964	0
90131	0
90319	0
90349	0
90615	0
90739	0
90742	0
90794	0
90865	0
91115	0
91187	0
91302	0
91419	0
91519	0
91543	0
91599	0
91757	0
91766	0
91783	0
91814	0
91888	0
92019	0
92112	0
92146	0
92148	0
92183	0
92212	0
92249	0
92267	0
92280	0
92453	0
92519	0
92644	1
92688	0
93053	1
93065	0
93247	0
93321	0
93360	1
93391	0
93499	0
93544	0
93863	0
93868	0
94144	0
94146	0
94260	0
94268	0
94307	0
94401	0
94956	0
94960	0
95026	0
95416	0
95423	0
95469	0
95566	0
95670	1
95685	0
95707	0
95779	0
95787	0
96042	0
96221	1
96391	0
96433	0
96836	0
97177	0
97261	0
97264	0
97326	0
97504	0
97630	0
97903	1
97929	0
98035	0
98044	0
98081	0
98149	0
98169	0
98235	0
98246	0
98375	0
98558	1
98595	0
98670	0
98754	0
98836	0
98872	0
98875	0
99076	0
99077	0
99083	1
99086	0
99091	0
99547	0
99596	0
99746	0
100113	0
100177	1
100275	0
100520	0
100666	0
100674	0
100842	0
100883	0
101031	0
101521	0
101544	0
101772	0
101985	0
102388	0
102436	0
102472	1
102544	0
102561	0
102624	1
102656	0
102705	0
102750	0
102797	0
102873	0
102921	1
102959	0
103364	0
103370	0
103382	0
103644	0
103699	0
103811	0
103916	0
103940	0
104055	1
104381	0
104387	0
104427	0
104474	0
104587	0
104647	0
104720	1
104957	0
105193	1
105301	0
105456	0
105469	0
105504	0
105781	0
106026	0
106052	0
106232	0
106242	0
106417	0
106613	1
106747	1
106804	0
106824	1
106875	0
107048	0
107112	0
107202	0
107342	1
107556	0
107587	0
107601	0
107640	0
107659	1
107846	0
107945	1
108018	0
108051	0
108082	0
108211	0
108230	0
108460	0
108627	0
108784	0
108880	0
108925	0
109048	0
109151	0
109198	0
109379	0
109609	0
109656	0
109827	1
109971	0
110081	0
110169	0
110276	0
110342	0
110407	0
110670	0
110694	0
110945	0
111038	0
111093	0
111097	0
111164	1
111168	1
111193	0
111246	0
111478	1
111694	0
111887	1
111922	0
111989	0
112003	1
112453	0
112560	0
112801	1
113048	0
113739	0
113778	1
114034	1
114643	0
114695	0
114875	0
115041	0
115103	1
115144	0
115511	1
115568	0
115669	0
115983	0
116171	0
116224	0
116375	0
116447	0
116745	0
116780	0
116912	0
117074	0
117291	0
118000	0
118155	0
118440	0
118541	0
118542	0
118567	0
118586	1
118703	0
118780	0
118799	0
118813	0
118938	0
119035	0
119204	0
119338	0
119352	0
119442	0
119514	1
119533	0
119570	1
119813	0
119861	0
119883	0
119887	0
119928	0
120048	1
120144	0
120202	0
120356	0
120623	0
120646	1
120699	0
120815	0
120855	0
120901	0
121010	0
121376	0
121600	0
121988	0
122036	0
122053	0
122297	0
122554	0
122556	0
122696	0
122764	0
122809	0
123160	1
123176	0
123202	0
123229	0
123343	1
123405	0
123541	0
123580	0
123666	0
123738	0
123936	0
123951	0
124182	0
124293	0
124350	0
124777	0
124800	0
124821	0
124840	0
125130	0
125200	0
125368	1
125408	0
125677	0
125853	0
126005	0
126017	0
126226	0
126386	0
126542	0
126597	0
126723	0
126756	0
126841	0
127109	0
127258	0
127364	0
127388	0
127441	0
127462	0
128473	0
128709	1
128761	0
128869	0
129071	1
129176	0
129210	0
129222	0
129353	1
129550	0
129579	0
129692	1
129740	0
129774	0
129788	0
129852	0
129946	0
129986	0
130001	0
130096	0
130174	0
130278	0
130399	0
130413	0
130578	1
130751	0
130963	0
131531	0
131666	0
131714	0
131917	0
131960	0
132015	1
132191	0
132227	0
132275	0
132509	1
132540	0
132615	0
132690	0
132840	0
132856	0
132901	0
132954	1
132993	1
133042	0
133113	0
133448	1
133512	0
133579	0
134075	0
134127	0
134232	0
134275	0
134524	0
134528	1
134771	0
134823	0
134843	1
134854	0
134857	0
134883	0
134901	0
134913	0
134947	0
135034	0
135147	0
135321	0
135525	0
135542	0
135554	0
135568	0
135624	0
136021	0
136055	0
136084	0
136096	0
136110	0
136121	0
136295	0
136356	0
136393	0
136438	0
136447	0
136635	0
136754	1
136809	0
136832	0
136876	0
136905	0
137029	0
137367	0
137368	0
137428	0
137566	0
137604	0
137840	0
137907	0
137943	0
138126	0
138370	0
138371	0
138423	0
138490	1
138885	0
138953	0
139015	0
139114	0
139168	0
139206	0
139287	1
139477	0
139480	0
139487	0
139638	0
139793	0
139829	0
139852	1
139869	0
139902	0
140103	0
140140	0
140236	0
140240	0
140266	0
140643	0
140657	0
140758	0
140918	0
141165	0
141277	0
141363	0
141422	0
141509	0
141591	0
141620	0
141877	0
142406	0
142444	0
142475	0
142808	0
142892	0
142978	0
143220	0
143280	0
143329	0
143593	0
143755	1
143859	0
144082	0
144250	0
144376	0
144455	0
144480	1
144526	0
144563	0
144582	0
144738	1
144771	0
144835	0
144912	0
145153	0
145177	0
145259	0
145483	0
145492	0
145699	0
145741	1
145802	0
145954	0
146116	0
146323	0
146487	0
146491	0
146511	1
146673	0
146684	0
146809	0
146860	0
146909	0
147065	0
147159	0
147228	0
147393	1
147400	0
147638	0
147662	0
147869	0
147977	0
148128	0
148170	0
148211	0
148738	0
148915	0
148927	1
148944	0
149175	0
149192	0
149225	0
149233	0
149336	0
149775	0
149887	0
150359	0
150386	0
150395	0
150477	0
150490	1
150498	0
150528	0
150535	0
150606	0
150730	0
150736	0
150773	1
150827	0
150908	0
150910	0
151074	0
151281	0
151293	1
151649	0
151711	0
151752	0
151818	0
152031	0
152129	0
152130	0
152167	0
152486	0
152515	0
152525	0
152657	1
152684	0
152755	0
152974	0
153003	1
153229	0
153279	0
153310	1
153351	0
153577	1
153585	0
153611	1
153649	0
153790	0
153925	0
154013	0
154121	0
154126	0
154202	0
154237	0
154243	0
154246	0
154269	1
154297	0
154304	0
154482	0
154497	0
154561	0
154587	1
154614	0
154670	0
154678	0
154825	1
155021	0
155125	0
155141	0
155148	0
155205	1
155509	0
155519	0
155631	0
155674	0
155822	0
155850	0
155858	0
155872	0
156266	0
156332	1
156490	0
156703	1
156893	0
156901	0
156935	0
157332	0
157379	0
157587	0
157844	1
157883	1
157984	0
158228	0
158239	0
158305	0
158311	0
158652	0
158758	0
158763	0
159166	0
159214	0
159278	1
159420	0
159478	0
159539	0
159615	0
159618	0
159641	0
159657	0
159684	0
159890	0
159911	0
159968	0
159996	0
160328	0
160412	0
160416	0
160463	1
160674	0
160822	0
160883	0
161035	1
161293	0
161324	0
161374	0
161489	0
161605	0
161634	0
161803	0
161905	1
161922	0
162120	0
162270	0
162394	0
162556	0
163046	0
163112	1
163200	0
163283	0
163337	0
163421	0
163520	0
163587	1
163589	0
163759	0
163870	0
163901	1
163929	1
163982	0
164147	1
164161	0
164248	0
164625	0
164761	0
164859	0
164871	0
164873	0
165129	1
165177	0
165212	0
165317	0
165447	1
165502	0
165528	0
165532	0
165996	1
166099	0
166280	0
166289	0
166349	0
166364	0
166384	0
166402	0
166423	0
166472	1
167060	0
167124	0
167223	0
167250	1
167286	0
167464	0
167573	1
167621	0
167729	0
168178	0
168262	0
168276	0
168468	0
168615	1
168738	0
168826	0
168858	0
168954	0
169133	1
169464	0
169505	0
169514	0
169724	0
169739	0
169817	0
170193	0
170262	0
170270	1
170371	0
170372	0
170416	0
170559	0
170707	1
170725	0
170817	0
170835	0
170962	0
171008	1
171262	0
171326	1
171602	0
171621	0
171877	0
171894	0
171936	0
172001	0
172156	0
172196	0
172394	0
172420	1
172457	1
172514	0
172532	0
172615	0
172801	0
172810	0
172834	0
172997	0
173415	1
173697	0
173700	0
173709	0
173945	0
174074	0
174076	0
174088	0
174099	0
174181	0
174212	1
174310	0
174315	0
174400	0
174521	0
174617	0
174839	0
174901	0
174929	0
175001	0
175058	0
175081	0
175106	0
175187	1
175242	0
175247	0
175275	0
175402	0
175528	1
175812	0
175956	0
176021	1
176109	0
176113	0
176204	0
176297	0
176328	0
176377	0
176485	0
176753	1
176893	1
176971	0
176997	0
177122	0
177125	0
177183	0
177239	0
177301	0
177418	1
177503	0
177589	0
177760	0
177814	0
177901	0
178174	0
178387	0
178475	0
178517	0
178575	0
178603	0
178826	0
178941	0
179048	1
179059	0
179137	0
179395	0
179419	0
179824	0
179833	0
179911	0
179920	0
179990	0
180038	0
180053	0
180137	0
180796	1
180801	0
180802	0
180938	0
180987	0
181132	0
181142	0
181428	0
181618	0
181637	0
181677	0
181829	0
182049	0
182078	0
182142	0
182160	1
182485	0
182629	0
182641	1
182643	0
182748	1
182763	0
182864	0
183173	0
183317	0
183368	1
183504	0
183594	0
183607	0
183612	1
183643	0
183669	0
183693	0
183854	0
184132	0
184278	0
184300	1
184485	0
184632	0
184645	0
184653	0
184680	0
184723	1
184823	0
184972	0
185084	0
185115	0
185477	0
185545	0
185744	0
185825	0
185907	1
185937	0
185969	0
186170	0
186292	0
186365	0
186381	0
186676	0
186793	0
186835	0
186916	0
186974	0
187027	0
187140	0
187142	1
187289	0
187303	0
187343	0
187508	0
188174	0
188219	0
188592	0
188655	0
188687	0
188730	1
188763	0
188764	0
188809	0
188886	0
189101	0
189233	0
189303	0
189338	0
189713	0
189853	1
189888	0
189915	1
189958	0
190009	1
190013	0
190045	0
190076	0
190115	0
190206	0
190223	0
190314	1
190456	0
190764	0
190879	0
191104	0
191168	0
191201	0
191277	0
191396	0
191664	0
191977	0
191993	0
192065	0
192160	0
192258	0
192508	0
192676	0
193038	0
193272	1
193294	1
193352	0
193457	0
193825	0
194137	0
194177	0
194242	0
194393	0
194406	0
194417	0
194444	1
194489	1
194582	1
194708	0
194722	0
195039	0
195104	0
195111	1
195115	0
195290	0
195297	0
195649	0
195737	0
196252	0
196269	1
196328	0
196414	0
196418	0
196459	0
196589	0
196599	0
196879	0
197028	0
197357	0
197419	0
197466	0
197477	0
197500	1
197626	0
197810	0
197936	0
198003	0
198014	0
198428	0
198453	0
198599	0
198709	0
198878	1
199158	0
199235	0
199630	0
199852	0
200102	0
200334	0
200376	0
200469	0
200527	0
200567	0
200575	0
200697	0
200727	0
200728	0
200863	0
201111	1
201167	0
201214	0
201292	0
201526	0
201589	0
201766	0
202051	0
202078	0
202200	0
202235	0
202251	0
202501	0
202571	0
202698	0
202711	0
202806	0
202952	0
202980	0
203054	0
203179	1
203248	0
203390	0
203716	0
203759	1
203895	0
203991	0
204135	0
204277	0
204334	0
204560	1
204688	0
204849	0
205021	0
205144	0
205159	0
205216	0
205348	0
205663	0
205700	0
205754	0
205772	0
206323	0
206341	0
206385	0
206413	0
206496	0
206626	0
206658	0
206679	0
207044	1
207071	0
207129	0
207242	1
207276	1
207285	1
207314	0
207352	0
207805	1
207964	0
207998	1
208434	1
208473	0
208479	1
208582	1
208643	0
208795	0
208801	1
208829	0
208891	0
208972	0
208980	0
209059	0
209137	1
209184	0
209448	0
209498	1
209915	0
209917	0
209949	0
210080	0
210230	0
210311	0
210318	0
210515	0
210914	0
211135	1
211177	0
211391	0
211416	0
211461	1
211512	0
211584	0
211607	0
211965	0
212106	0
212155	0
212278	0
212638	1
213071	0
213317	0
213408	1
213415	0
213442	0
213641	0
213820	1
213831	1
213897	0
213937	0
213984	0
214180	1
214273	0
214397	0
214466	0
214540	0
214551	1
214577	0
214601	1
214683	0
214803	0
214819	0
214859	0
215128	0
215185	0
215226	0
215452	1
215468	0
215554	0
215672	0
215674	0
215745	1
215918	0
215957	0
216218	0
216583	0
216685	0
217234	0
217336	0
217396	0
217529	1
217603	0
217664	1
218000	0
218015	0
218036	0
218099	0
218245	0
218342	1
218469	0
218477	0
218526	0
218531	0
218658	0
218997	0
219020	0
219023	0
219168	0
219404	0
219469	0
219482	1
219600	0
219653	0
219729	0
219787	0
219898	0
219939	0
220119	0
220237	0
220276	0
220434	0
220479	0
220514	0
220721	0
220953	1
221238	0
221255	0
221352	0
221404	0
221713	0
221806	0
221811	0
221934	1
222052	0
222255	0
222336	0
222370	0
222412	0
222457	0
223038	1
223193	0
223250	0
223381	0
223480	0
223527	0
223541	0
223695	0
223756	0
223761	0
223912	0
224154	0
224155	0
224212	0
224256	0
224389	1
224502	0
224655	1
224677	0
224823	0
224836	0
224958	0
224989	0
225272	0
225332	1
225344	0
225414	0
225467	0
225914	0
225926	0
225967	0
226070	0
226174	0
226227	0
226407	0
226445	0
226602	0
226758	0
226969	0
226992	0
227164	0
227403	0
227534	0
227567	0
227585	0
227672	0
227705	0
228168	0
228405	0
228441	0
228472	0
228481	0
228540	0
228629	0
228643	0
228840	0
229246	0
229285	0
229293	1
229297	0
229379	0
229389	0
229511	1
229529	0
229535	0
229707	0
229709	0
230066	0
230134	0
230176	0
230230	0
230233	1
230340	0
230445	0
230451	0
230467	0
230469	0
230522	0
230578	0
230599	0
230754	0
230900	0
230944	0
231627	0
231664	0
231686	0
231828	0
231925	0
232034	0
232235	0
232244	0
232578	0
232591	0
232598	0
232840	0
232863	1
232898	1
233096	0
233121	0
233205	1
233313	1
233392	0
233448	0
233485	0
233534	0
233849	0
233919	0
234054	0
234081	0
234133	0
234346	0
234373	1
234399	0
234505	0
234526	0
234574	0
234892	0
234916	1
235070	1
235171	0
235273	0
235286	1
235298	0
235438	0
235585	0
236095	1
236237	0
236238	0
236277	0
236421	0
236585	0
236717	0
236750	0
236954	0
237205	1
237322	0
237406	1
237504	0
237587	0
237739	0
238016	0
238023	0
238176	0
238183	0
238233	0
238269	1
238646	0
238648	0
238747	0
238874	0
238884	0
238930	0
239059	0
239271	0
239466	0
239552	0
239635	0
239671	0
239842	0
239932	0
240177	0
240237	0
240349	0
240394	0
240447	0
240551	0
240587	0
240618	0
240756	1
240903	0
240960	0
241121	0
241256	0
241259	0
241568	0
241679	0
241741	0
241968	0
241998	1
242094	1
242203	0
242374	0
242442	1
242487	1
242628	0
242682	0
242754	0
242910	0
243061	0
243080	0
243103	0
243379	0
243679	0
243811	0
243843	0
243886	0
243993	0
244003	0
244091	0
244141	0
244303	0
244328	0
244531	0
244607	0
244973	0
245175	0
245234	0
245289	0
245432	0
245497	1
245498	0
245569	0
245590	0
245713	0
245860	0
245876	0
246139	0
246182	1
246430	0
246445	0
246543	0
246648	0
246738	1
246805	0
246825	0
247333	0
247417	0
247428	1
247519	0
247656	0
247915	0
247932	0
247979	0
248311	1
248466	0
248496	0
248503	0
248549	0
248551	1
248654	0
248787	0
248798	0
248877	0
248916	0
249104	1
249445	0
249455	1
249481	1
249509	0
249536	0
249559	0
249838	0
249880	1
249915	0
250177	0
250413	0
250453	0
250537	0
250568	1
250580	0
250618	0
250667	0
250802	0
250833	0
250937	0
250963	0
251134	0
251157	0
251179	0
251247	1
251368	0
251377	0
251416	0
251496	1
251582	0
251733	0
251828	0
251926	0
251945	0
252002	1
252101	0
252225	0
252316	0
252374	0
252556	0
252735	0
253075	0
253183	0
253294	0
253664	0
253844	0
253864	0
253872	1
254250	0
254382	0
254390	0
254452	0
254952	0
255011	0
255221	0
255309	0
255365	0
255406	0
255655	0
255946	0
255975	0
256060	0
256090	0
256235	0
256310	0
256339	1
256392	0
256448	0
256521	0
256577	0
256803	0
256897	0
256906	0
257069	0
257182	0
257296	0
257338	0
257479	0
257746	0
257790	0
257840	0
257943	0
258017	0
258122	1
258344	0
258432	0
258554	0
258602	1
258631	0
258636	0
258844	0
258861	0
258901	0
258943	0
259151	0
259328	0
259332	0
259406	0
259416	0
259444	0
259582	1
259583	0
259598	0
259783	0
259819	0
259891	0
260007	0
260065	0
260321	0
260461	0
260486	0
260846	0
260944	0
260996	0
261087	0
261116	0
261123	0
261193	0
261257	0
261401	0
261989	0
262079	0
262395	0
262446	1
262456	0
262545	0
262651	0
262829	0
262847	1
263013	0
263073	0
263130	0
263418	0
263428	0
263837	0
263953	0
264100	1
264153	0
264224	0
264390	0
264447	0
264806	1
264827	1
264892	1
265045	0
265388	0
265679	0
266057	0
266190	0
266340	0
266365	0
266369	0
266675	0
266749	0
266776	0
266782	0
266937	0
266973	0
267003	0
267063	0
267068	1
267130	0
267272	0
267288	1
267315	0
267580	1
267614	0
267685	0
267780	0
268012	1
268021	0
268208	0
268382	0
268446	0
268511	0
268577	1
268684	0
269030	0
269284	0
269419	0
269569	1
269729	0
269967	0
270038	0
270154	0
270187	0
270466	0
270486	0
270527	0
270618	0
270710	0
270733	0
270807	0
270821	0
270823	0
270904	0
271141	0
271165	0
271351	1
271520	0
271589	0
271669	1
271683	1
272075	0
272193	0
272196	0
272302	0
272356	0
272809	0
272890	1
272909	0
272910	0
272995	0
273486	0
273675	0
273843	0
273966	0
274213	1
274238	0
274293	0
274541	0
274647	0
274705	0
274777	0
274931	0
275185	0
275192	0
275510	0
275516	0
275584	0
275652	0
275808	0
275859	0
275921	0
276045	1
276128	0
276314	0
276346	0
276412	0
276555	0
276637	1
276858	0
277003	0
277221	0
277506	0
277508	0
277771	0
277845	0
277847	1
278073	0
278117	1
278388	0
278464	0
278631	0
278637	0
278825	0
278845	0
278996	0
279019	0
279058	0
279203	0
279293	0
279324	0
279454	0
279763	0
279788	0
279804	1
279834	0
279874	1
279949	0
279985	0
280071	1
280160	0
280207	1
280268	0
280286	0
280309	0
280379	1
280504	0
280556	0
280618	0
280712	0
281006	0
281280	0
281315	0
281345	0
281423	0
281684	0
281723	0
282213	0
282328	0
282566	0
282752	0
282762	0
282945	0
282953	0
283123	0
283186	1
283280	1
283444	1
283676	0
283793	1
283932	0
283983	0
284352	0
284402	0
284628	0
284699	0
284821	0
284913	0
285062	0
285188	1
285323	0
285723	0
285827	0
286075	0
286198	0
286257	0
286438	0
286647	0
286659	0
286681	0
286837	0
286903	0
287131	1
287523	0
287555	0
287683	0
287739	0
287997	0
288002	0
288102	0
288217	0
288240	0
288378	0
288498	0
288537	0
288570	0
288750	1
288841	0
289454	0
289505	0
289579	0
289629	0
289911	0
289950	0
290006	0
290267	0
290269	0
290397	0
290464	0
290477	0
290562	0
290686	0
290793	0
291180	0
291442	0
291494	0
291503	0
291532	0
291634	0
291662	0
291732	1
291759	0
291762	0
291847	0
291904	0
292085	0
292101	0
292239	0
292280	0
292421	1
292461	0
292559	1
292571	0
292620	0
292708	0
292950	0
293083	0
293151	1
293189	1
293300	0
293580	0
293704	0
293859	0
293880	0
294110	1
294150	0
294411	1
294648	0
294699	0
294948	0
295088	0
295260	0
295303	1
295528	0
295536	0
295789	0
295826	0
295836	1
295884	0
295906	0
295921	0
295924	0
296169	0
296385	0
296941	0
296974	0
296984	0
297108	0
297153	0
297193	1
297208	0
297232	0
297344	0
297627	1
297705	0
297763	0
297815	0
297929	0
298006	0
298080	0
298451	0
298466	0
298473	0
298475	0
298569	0
298627	0
298669	0
298765	0
298909	0
298952	0
299038	0
299042	0
299440	0
299449	0
299587	0
299802	0
299807	0
299892	0
299977	0
300113	0
300135	0
300163	0
300172	0
300274	0
300457	0
300496	0
300568	0
300595	0
300629	0
300666	0
300905	0
301032	0
301044	0
301107	0
301137	0
301395	0
301648	0
301771	0
301781	0
301795	0
301862	1
301894	0
301931	0
302175	1
302285	0
302315	1
302396	0
302400	0
302443	0
302452	0
302496	1
302515	1
302543	0
302563	0
302608	1
302737	0
302756	0
302939	0
302958	0
303037	0
303277	1
303344	1
303426	0
303508	0
303694	0
303702	0
303842	0
303961	0
303972	0
304186	0
304260	0
304325	0
304352	0
304974	0
305033	0
305278	0
305280	0
305361	0
305418	0
305478	0
305797	0
305809	0
305881	0
306023	0
306160	0
306179	0
306239	0
306580	1
306730	0
306815	0
306863	0
306899	0
307108	0
307249	1
307568	1
307582	0
307668	0
307670	0
307709	0
308026	0
308028	0
308069	0
308153	0
308517	0
308606	0
308618	0
308625	0
308709	0
308758	0
308821	0
308864	0
309303	0
309311	0
309360	1
309421	0
309445	0
309473	0
309482	0
309932	0
309995	1
310140	0
310216	0
310326	0
310450	0
310475	0
310621	0
310801	0
310838	0
311083	0
311153	0
311216	0
311229	0
311237	0
311315	0
311740	0
311813	0
311946	0
311974	0
312115	0
312139	1
312317	0
312416	0
312497	0
312510	0
312534	0
312546	0
312549	0
312585	1
312640	0
312778	0
312804	1
312951	0
312979	0
313096	0
313106	0
313341	0
313538	0
313579	0
313697	0
313718	0
313879	0
313882	0
313892	0
314082	0
314314	0
314603	0
314847	0
314893	0
315038	0
315304	0
315337	0
315429	0
315542	0
315711	0
316084	0
316105	0
316344	0
316390	1
316402	0
316516	0
316545	0
316735	0
316988	0
317155	0
317174	0
317178	0
317204	0
317237	0
317336	0
317389	0
317428	0
317533	0
317675	0
317896	0
317899	0
318012	0
318289	0
318312	0
318413	0
318927	0
318996	0
319056	0
319072	0
319245	0
319358	0
319391	0
319424	0
319481	0
319632	0
319664	0
319710	1
319722	0
319728	0
319740	0
319997	0
320126	1
320435	0
320674	0
320700	0
320834	1
320846	0
320970	0
320991	1
321829	0
322028	0
322062	0
322067	0
322256	0
322264	0
322346	1
322404	0
322405	0
322439	0
322488	0
322525	0
322627	0
322711	0
322904	0
323020	0
323235	1
323278	0
323331	1
323391	0
323411	1
323631	0
323642	1
323714	0
323838	0
323855	0
324129	0
324464	0
324475	0
324661	0
324726	1
325096	0
325121	0
325134	1
325202	0
325420	0
325496	1
325689	0
325803	0
325856	1
325897	0
325904	0
325944	1
325986	0
326154	0
326604	0
326675	0
326713	0
326788	0
326890	0
326934	0
327252	0
327377	0
327633	0
327664	1
327785	1
327796	0
327837	0
328131	0
328188	1
328233	0
328350	1
328464	1
328502	0
328679	0
328950	0
329308	0
329322	1
329445	0
329481	0
329568	0
329634	0
329664	0
329690	0
329791	0
329954	0
330008	0
330014	0
330471	0
330500	0
330800	0
330865	0
330993	0
331095	0
331216	0
331269	0
331343	0
331670	0
331673	1
331796	1
331883	0
331946	0
332087	1
332242	0
332723	0
332800	0
332867	1
333278	0
333482	1
333514	1
333591	0
333593	0
333766	0
333815	0
333853	0
333874	0
333933	1
334030	1
334174	0
334196	0
334237	0
334570	0
334640	0
334860	1
334987	0
335073	0
335135	0
335222	0
335306	0
335439	0
335446	0
335624	0
335748	0
336001	0
336085	0
336086	0
336180	0
336372	0
336392	0
336576	0
336621	0
336967	0
336969	0
337012	0
337302	0
337510	0
337513	1
337595	0
337611	0
337658	1
338282	0
338285	0
338287	0
338379	0
338584	0
338588	0
338956	0
339196	0
339200	0
339755	0
339911	0
340013	0
340129	0
340351	0
340472	0
340595	0
340659	0
340855	0
341043	0
341202	0
341284	0
341323	0
341361	0
341370	0
341432	0
341439	0
341492	0
341607	0
341634	0
341640	0
341758	0
341778	0
341796	0
341917	0
341942	0
342209	0
342388	0
342394	0
342430	0
342462	0
342473	0
342494	0
342535	0
342557	0
342703	1
342766	0
342999	0
343048	0
343158	0
343266	0
343451	0
343642	0
343747	1
343809	0
343823	0
343854	1
343910	0
343946	0
343965	0
343992	0
344004	0
344041	0
344061	0
344513	0
344615	0
344713	0
344731	1
345003	1
345071	0
345183	1
345229	0
345246	0
345252	1
345260	0
345359	0
345389	0
345437	1
345488	0
345578	1
345700	0
345814	0
345898	0
346205	0
346288	0
346424	0
346702	0
346786	0
346805	0
347138	0
347175	0
347178	1
347373	0
347394	0
347611	0
348067	0
348149	0
348245	0
348334	0
348383	0
348502	0
348587	0
348634	1
348673	1
348723	0
348835	0
348862	0
348863	0
349171	0
349288	0
349352	0
349378	0
349395	0
349540	0
349566	0
349877	0
350039	0
350053	0
350242	1
350411	0
350683	0
350835	0
350909	0
351066	0
351075	0
351147	0
351177	0
351210	0
351310	0
351404	0
351438	0
351479	1
351724	0
351766	0
351801	0
351877	1
352016	0
352114	0
352168	0
352178	1
352230	1
352269	0
352302	0
352305	0
352484	0
352498	1
352548	0
352614	1
352643	0
352830	1
352868	1
352881	0
353002	0
353212	0
353303	0
353369	0
353519	0
353553	0
353940	0
354002	0
354382	0
354415	0
354416	0
354534	0
354659	0
354686	0
354714	1
354899	1
355021	0
355050	0
355314	0
355582	0
355783	1
355795	0
355935	0
355953	0
356029	0
356092	0
356102	0
356166	0
356188	0
356233	0
356264	0
356401	0
356415	0
356602	0
356652	0
356909	0
357751	0
357887	0
358283	0
358356	0
358577	0
358656	1
358722	0
358875	0
359335	0
359587	0
360035	0
360436	0
360642	0
360643	0
361099	0
361268	0
361303	0
361333	0
361340	0
361398	0
361431	0
361467	0
361509	0
361524	0
361590	0
361863	0
361894	0
362024	0
362133	0
362259	0
362369	0
362506	0
362785	0
362900	0
362902	0
363042	0
363049	1
363131	1
363362	0
363456	0
363502	0
363534	0
363627	0
363642	0
363762	0
363843	0
364136	1
364151	0
364252	0
364257	0
364530	0
364620	1
364757	0
364814	1
364817	0
364824	0
365256	0
365316	0
365413	1
365488	0
365518	0
365617	1
365698	1
365742	0
366070	0
366074	0
366109	0
366324	0
366356	0
366381	0
366398	1
366534	0
366751	0
366785	0
366924	0
367218	0
367233	0
367246	0
367277	0
367350	0
367429	0
367557	0
367814	0
367870	1
368249	0
368458	0
368463	0
368622	0
368979	0
369043	1
369096	1
369165	1
369167	0
369248	0
369284	0
369298	0
369330	0
369358	0
369510	1
369602	0
369641	1
369731	0
369733	0
369744	0
370119	0
370257	0
370277	0
370304	0
370572	1
370636	0
370806	0
370824	0
371599	0
372073	0
372083	0
372379	0
372647	0
372848	0
372996	0
373085	0
373164	0
373336	0
373364	1
373450	0
373532	0
373590	0
373908	0
374101	0
374221	0
374501	0
374528	1
374697	0
374730	0
374874	0
375061	0
375288	0
375590	0
375592	0
375753	0
376227	0
376239	0
376384	1
376725	1
376966	1
377148	0
377246	0
377276	0
377279	0
377301	0
377396	0
377556	0
377639	0
377957	1
378000	0
378046	0
378268	0
378286	1
378395	0
378402	0
378456	0
379109	0
379187	0
379230	1
379789	0
379860	0
379864	0
380402	1
380516	0
380539	0
380616	1
380759	0
380780	0
380823	0
381035	0
381298	0
381899	0
381947	0
382200	0
382391	0
382431	0
382486	0
382502	0
382849	0
383078	0
383133	0
383197	0
383253	0
383282	0
383484	0
383575	0
383602	0
383813	0
383865	0
383934	0
383968	0
384170	0
384274	0
384682	0
384921	0
384983	0
385087	0
385236	0
385475	1
385835	0
386266	0
386339	0
386393	0
386492	0
386517	0
386895	0
386934	0
387012	0
387044	0
387118	0
387147	0
387241	0
387282	0
387345	0
387476	0
387786	0
387794	0
387803	0
387817	0
387883	0
387885	0
387923	0
387926	0
388072	0
388156	0
388158	0
388197	0
388350	0
388395	0
388692	0
388893	0
389150	0
389227	0
389266	0
389347	0
389389	0
389510	0
389589	0
389866	0
389910	0
389984	0
390109	1
390135	0
390363	0
390639	1
390741	0
390920	0
391011	0
391218	0
391226	0
391333	0
391402	0
391558	0
391591	0
391638	0
391678	0
391781	0
391912	0
392006	0
392007	0
392075	0
392117	0
392438	0
392563	0
392662	0
392898	0
392947	0
392964	0
393098	0
393186	0
393683	0
393713	1
394033	0
394070	0
394074	0
394540	1
394659	0
394666	0
394899	0
395109	0
395186	0
395287	0
395316	0
395472	0
395597	0
395654	0
395693	0
395760	0
395849	0
396085	0
396307	1
396701	0
396779	0
397021	0
397061	0
397129	0
397160	1
397222	0
397364	0
397547	0
397955	0
398533	1
398595	1
399329	1
401210	1
402752	1
404167	1
404368	1
405426	1
405459	1
405875	1
406062	1
406390	1
407316	1
407547	1
407571	1
408702	1
408828	0
408862	0
408910	0
409043	0
409174	0
409310	0
409374	0
409383	0
409483	0
409728	0
409818	0
409969	0
410065	0
410203	1
410707	0
411164	0
411181	1
411367	0
411417	0
411510	0
411681	0
412008	0
412033	0
412164	0
412166	0
412429	1
412493	1
412955	1
413323	0
413586	1
413599	0
413639	0
413688	0
413768	0
413844	0
413914	1
414047	0
414227	0
414326	0
414442	0
414533	0
414645	0
414690	0
414797	0
415139	0
415217	0
415398	0
415524	0
415550	0
415609	1
415771	0
415839	0
415908	0
415932	0
416149	1
416192	0
416301	0
416345	0
416392	1
416424	0
416785	0
416886	0
417037	0
417084	1
417206	0
417227	0
417379	0
417474	0
417491	1
417675	0
417726	0
417741	0
417930	0
417959	0
418074	1
418529	0
418944	0
418999	0
419187	0
419216	0
419382	0
419461	0
419470	0
419495	0
419503	0
419513	0
419571	0
420212	0
420346	0
420478	1
420539	1
420781	0
420903	0
420961	0
420965	0
421548	0
421598	0
421701	0
421734	0
421907	0
422401	0
422451	0
422473	0
422517	0
422642	0
422677	0
423022	0
423212	0
423218	0
423270	0
423413	0
423515	0
423581	1
423637	0
423869	0
423908	0
424028	0
424048	1
424072	0
424080	0
424097	0
424298	0
424336	0
424341	0
424614	1
424653	1
424853	0
424895	1
425197	0
425324	0
425396	0
425514	0
426052	0
426343	0
426382	1
426390	0
426558	1
426633	0
426647	0
426962	0
427146	0
427166	0
427319	0
427656	0
427933	0
427992	0
428037	1
428133	0
428154	0
428200	0
428232	0
428245	0
428314	1
428566	0
428686	0
428846	0
429050	0
429168	1
429269	0
429338	1
429349	0
429418	0
429469	0
429475	0
429564	1
429571	0
429760	0
429968	0
430108	0
430150	0
430164	0
430207	0
430227	0
430426	0
430631	0
430665	0
430885	1
430995	0
431095	0
431603	1
431651	0
432092	0
432211	0
432367	0
432432	1
432658	0
432719	1
432759	0
432775	0
432982	0
433271	0
433394	0
433602	0
433686	0
433825	0
433950	0
434096	0
434099	0
434473	0
434561	0
434693	0
434724	0
434971	0
435003	0
435022	0
435582	0
436494	0
436615	1
436626	0
436879	0
436919	0
437090	0
437276	0
437930	0
438068	0
438069	0
438104	0
438171	0
438265	0
438332	1
438517	0
438542	0
438989	0
439038	0
439143	1
439229	0
439382	1
439454	0
439502	0
439626	0
439640	0
439647	0
439668	0
440117	0
440121	0
440257	0
440276	0
440487	1
440561	0
440584	0
440597	0
440851	0
440941	0
441012	0
441056	0
441076	0
441120	0
441337	0
441358	0
441488	1
441568	0
441648	0
441670	0
441700	0
441741	0
442009	0
442127	0
442130	0
442337	0
442381	1
442474	0
442487	0
442660	0
442887	0
442970	1
442995	0
443403	0
443619	0
443641	0
443830	0
443892	1
444001	0
444123	0
444173	0
444186	0
444193	0
444347	0
444420	0
444887	0
444958	0
445010	0
445102	0
445168	0
445260	0
445388	0
445881	0
445920	0
445931	0
446135	0
446195	0
446263	0
446435	0
447150	1
447249	0
447477	0
447530	0
447702	0
448265	0
448731	1
448814	0
449091	0
449394	0
449662	0
449753	0
449828	0
449927	0
450019	0
450074	1
450233	0
450279	0
450368	0
450445	0
450617	0
450906	0
451045	1
451103	0
451182	0
451260	0
451383	0
451437	0
451458	1
451471	1
451509	1
451554	1
451590	0
451948	0
451984	0
452090	1
452240	0
452264	0
452416	0
452694	0
452753	0
452902	0
452914	0
452942	0
452998	0
453226	1
453305	0
453362	1
453375	0
453396	0
453595	1
453609	0
453791	0
453967	0
454259	1
454262	0
454449	0
454503	0
454606	0
454684	0
454806	0
454814	0
454955	0
455155	0
455212	1
455256	0
455369	0
455421	0
455527	0
455826	0
455848	0
455956	0
456016	1
456026	0
456121	0
456179	1
456268	0
456366	0
456676	0
456705	0
456958	0
457053	0
457203	0
457595	0
457736	1
458169	0
458363	0
458373	0
458492	0
458498	1
458511	0
458617	0
458628	0
458852	0
459153	0
459231	0
459237	0
459260	0
459283	0
459362	0
459396	0
459424	0
459487	0
459623	0
459637	0
459970	0
460123	0
460157	0
460171	1
460236	0
460237	0
460304	0
460419	0
460741	0
460766	0
460826	0
460982	0
460997	0
461176	0
461202	1
461231	1
461500	0
461624	1
461719	0
461735	0
461827	0
462035	0
462224	0
462318	0
462399	1
462483	1
462656	0
462942	0
463110	0
463149	1
463161	0
463247	0
463334	1
463509	0
463571	0
463625	0
463634	0
463756	0
463851	1
463862	1
463926	1
464063	0
464175	0
464392	0
464410	0
464579	0
464933	0
465276	0
465344	1
465672	0
465749	0
465864	0
465932	0
466049	0
466181	0
466380	0
466647	0
466743	0
466847	0
466871	0
467497	0
467837	0
467838	0
467873	0
467909	1
468032	0
468290	0
468414	0
468427	0
468432	0
468476	1
468523	1
468566	1
468679	1
468868	0
468988	0
469227	0
469267	0
469350	0
469373	0
469394	0
469433	0
469460	0
469467	0
469504	0
469682	0
469873	0
469950	0
470001	0
470154	0
470483	0
470565	0
470578	0
470593	0
470698	0
470926	0
471064	0
471103	0
471241	0
471395	0
471417	0
471459	0
471522	0
471631	1
471671	0
471710	1
471824	1
471893	0
471895	0
471916	0
471942	0
472193	0
472195	0
472205	0
472207	0
472266	0
472421	1
472456	0
472566	0
472569	0
472736	0
472913	0
472926	0
472951	0
472961	0
473137	0
473313	1
473537	0
473772	0
474127	1
474257	1
474451	0
474470	0
474600	0
474674	1
474784	0
474796	0
474806	0
474911	0
475052	0
475241	0
475388	0
475651	0
475770	0
475840	0
475848	0
475928	0
475939	0
475943	0
475947	1
476111	0
476211	0
476549	0
476556	0
476823	0
476874	0
477042	0
477198	0
477217	0
477244	1
477391	0
477448	0
477480	0
477558	0
477800	0
477909	0
477926	0
478003	0
478130	0
478151	0
478154	0
478276	0
478322	0
478395	0
478397	0
478609	0
478709	0
478884	0
478994	0
479024	0
479136	0
479143	0
479655	0
479926	0
480118	1
480162	0
480467	1
480622	0
480730	0
480774	0
480809	0
480846	0
481135	0
481415	0
481702	0
481805	0
481825	0
481977	0
481984	0
482000	0
482005	0
482472	0
482509	0
482631	0
482678	0
482694	0
482936	0
483040	0
483100	0
483121	0
483179	0
483454	0
483482	0
483677	0
483694	1
483821	0
483887	0
483931	0
484001	0
484019	0
484114	0
484306	1
484338	0
484464	0
484568	0
484607	0
484701	0
485106	0
485384	0
485446	0
485492	0
485555	0
485750	0
486080	1
486101	0
486555	0
487111	0
487374	0
487445	0
487447	0
487714	0
487736	0
487880	0
488129	0
488172	0
488245	0
488345	0
488399	0
488688	0
488869	0
488931	0
488947	0
489107	0
489146	0
489324	0
489462	0
490162	0
490551	0
490731	0
490749	0
490774	0
491042	0
491052	1
491202	0
491209	0
491346	0
491375	0
491548	1
491565	0
491712	0
491781	1
491795	0
491855	0
491942	0
491949	0
492029	0
492060	0
492497	0
492520	1
492983	0
493129	0
493136	0
493345	0
493369	0
493388	1
493558	0
493700	0
493946	0
494224	0
494325	0
494429	0
494466	0
494624	0
494628	1
494690	0
494789	0
494821	0
495024	0
495307	0
495310	1
495349	0
495404	0
495591	0
495665	0
495730	1
495846	1
496038	0
496171	0
496242	1
496340	0
496452	0
496461	1
496645	1
496740	0
496835	0
496936	1
496969	0
497051	0
497060	0
497084	0
497092	0
497296	0
497475	0
497521	0
497592	0
497743	0
497787	0
497799	0
497839	0
498144	0
498210	0
498361	0
498405	0
498602	0
498605	0
498851	0
498922	0
499074	0
499124	0
499142	0
499323	0
499336	0
499893	0
499906	0
500005	0
500162	0
500588	0
500640	0
501157	0
501177	0
501266	0
501325	0
501442	0
501610	0
501661	0
501949	0
502043	0
502397	0
502447	0
502633	0
502871	0
502905	0
502949	0
502953	0
503180	0
503234	1
503284	0
503384	0
503533	1
503772	0
503838	0
503932	0
503935	0
504108	0
504278	0
504376	0
504399	0
504474	1
504544	0
504562	0
504584	0
504617	0
504680	0
504681	0
504733	0
505258	0
505495	0
505553	0
505695	0
505736	0
505753	0
505787	0
505914	0
506338	0
506572	0
506634	0
506649	0
506803	1
506863	0
506868	0
506892	0
506919	0
506974	0
507156	0
507239	0
507277	0
507406	0
507423	0
507580	0
507582	0
507614	0
507836	0
507884	0
508057	0
508187	0
508194	0
508261	0
508427	0
508475	0
508540	0
508716	0
508721	0
508757	0
508875	0
508931	0
508959	0
509013	0
509059	1
509366	1
509406	0
509531	0
509719	0
509838	0
509870	0
510018	0
510078	1
510369	1
510458	1
510482	0
510520	0
510655	0
510689	0
510763	0
511185	0
511619	0
511680	0
511728	0
511746	0
511952	0
511963	0
512128	0
512154	1
512220	0
512317	0
512352	0
512406	0
512452	0
512530	0
512636	0
512853	0
512869	0
512988	0
513128	0
513201	0
513243	0
513248	0
513819	0
513946	0
514107	0
514369	0
514630	0
514776	0
514801	0
514883	0
514918	0
515219	0
515274	0
515373	0
515490	0
515667	0
515790	0
515794	0
515937	0
516100	0
516130	0
516227	0
516287	0
516468	0
516529	1
516549	0
516559	0
516600	1
516615	0
516661	0
516838	0
516923	0
517223	0
517281	1
517563	0
517565	0
517634	0
517651	0
517722	0
517803	0
517838	0
518087	0
518164	0
518260	1
518444	0
518526	0
518598	0
518729	1
518750	0
518853	0
518864	0
518989	0
519034	0
519119	0
519235	0
519500	0
519505	0
519565	0
519876	1
519911	0
519953	0
520075	0
520143	0
520190	0
520191	0
520220	0
520343	0
520388	0
520751	0
520857	0
520880	0
520897	0
520948	0
521060	0
521316	0
521327	0
521431	1
521656	0
521854	0
522183	0
522294	0
522447	1
522557	0
522617	0
522824	0
523017	0
523055	0
523117	0
523232	0
523562	0
523599	0
523858	0
524056	0
524087	0
524189	0
524248	0
524314	1
524541	0
524584	0
524695	1
524810	1
524893	0
525301	0
525535	0
525583	0
525610	0
525736	0
526048	0
526256	0
526295	0
526337	0
526548	0
526681	0
526724	0
526852	0
526859	0
526886	0
526932	0
527029	0
527264	0
527295	0
527330	0
527377	0
527618	0
527698	0
527789	0
527913	0
527935	0
527983	1
528169	1
528540	0
528547	0
528755	1
529053	0
529089	0
529164	0
529194	0
529261	0
529336	0
529651	0
529696	1
529770	0
529804	0
529877	0
529914	1
529946	0
530186	0
530197	0
530407	1
530468	0
530532	0
530693	1
530832	0
531063	0
531094	0
531111	0
531188	0
531221	0
531335	0
531413	1
531576	0
531649	0
531658	0
531723	0
531777	0
531842	0
532001	0
532165	0
532615	0
532639	0
533258	0
533344	0
533516	0
533893	0
534008	0
534087	0
534363	0
534604	0
534612	0
534757	0
534793	1
534801	0
535085	1
535194	1
535331	0
535461	0
535576	0
535618	0
535629	1
535657	0
535758	0
535857	1
535984	0
536076	0
536115	0
536427	0
536429	0
536486	0
536756	0
537024	0
537207	0
537231	1
537237	0
537450	0
537451	0
537530	0
537597	0
537666	0
537728	0
537846	0
537859	0
537885	0
538059	0
538425	0
538493	0
538495	0
538538	0
538635	0
538703	1
538890	0
538993	1
539048	0
539137	0
539242	1
539327	0
539462	0
539478	0
539855	0
539936	0
539989	0
540004	0
540349	0
540388	0
540537	0
540629	0
540745	0
540940	0
541048	0
541063	0
541114	0
541187	0
541385	0
541488	0
541646	0
541658	0
541879	0
542160	0
542298	0
542519	0
542603	0
542623	0
542846	0
542849	1
542902	0
542918	0
542944	0
542958	0
543036	0
543088	0
543272	0
543502	0
543546	1
543606	0
543652	0
543740	1
544295	1
544301	1
544506	0
544555	0
544569	0
544655	0
544727	1
544896	0
545127	0
545266	0
545366	0
545375	1
545382	0
545417	0
545499	1
545566	0
545605	0
545702	1
545745	0
545779	0
546151	0
546187	0
546242	0
546346	1
546761	0
546769	0
546890	0
546958	0
546981	0
546984	0
547074	0
547086	0
547096	0
547168	0
547189	0
547262	0
547305	0
547453	0
547537	0
547710	0
547720	0
547729	0
547843	0
547901	0
547979	0
548182	0
548457	0
548610	0
548641	0
549101	0
549134	0
549290	0
549335	1
549466	0
549563	0
549566	0
549612	0
549765	0
549791	1
549793	0
549824	1
550140	0
550225	0
550293	0
550351	0
550387	0
550664	0
550695	0
550740	0
550768	0
550804	0
550972	0
551596	0
551646	0
551721	0
551779	0
551817	0
551862	0
551887	0
551939	1
552303	0
552339	0
552510	0
552575	0
552750	0
552823	0
552844	0
552933	0
552964	0
553047	0
553154	0
553363	1
553368	0
553735	0
553880	1
553898	1
554366	0
554713	0
554733	0
554995	1
555076	0
555441	0
555700	0
555869	0
555909	0
556036	1
556037	0
556205	0
556321	0
556545	0
556750	0
556948	0
556952	1
557207	0
557496	0
557547	0
557660	0
557862	1
557923	0
558371	0
558491	0
558514	0
558610	0
558617	0
558743	1
558777	0
558891	0
558939	0
558977	0
558978	0
559106	0
559146	0
559224	0
559355	0
559558	0
559630	0
559681	0
559774	0
559783	0
559872	1
559892	0
560198	0
560328	0
560332	0
560337	1
560470	0
560788	0
560953	1
560955	0
560991	0
561015	0
561031	0
561422	0
561598	1
561812	0
561902	0
561975	0
562022	0
562428	0
562518	0
562897	0
562905	0
563091	0
563174	0
563239	0
563451	0
563599	0
563767	0
563910	0
563979	0
564273	0
564313	1
564319	1
564440	1
564566	0
564769	0
564840	0
564904	0
564990	0
565048	1
565170	1
565665	0
565861	0
565900	1
565974	0
566036	0
566060	1
566123	0
566205	0
566289	0
566306	0
566514	0
566687	0
566891	0
566940	0
567080	0
567219	0
567227	1
567402	0
567449	1
567522	0
567562	0
568008	0
568038	0
568280	1
568346	0
568539	0
568700	0
568973	0
568991	0
569133	0
569179	0
569198	0
569431	0
569552	0
569712	0
569840	0
569843	0
569890	0
569948	0
570138	0
570198	0
570261	1
570296	0
570403	0
570450	0
570798	0
571093	1
571128	0
571202	0
571490	0
571560	0
571616	0
572097	0
572502	0
572533	0
572917	0
572959	0
573174	0
573264	0
573265	1
573311	0
573417	0
573502	0
573522	0
573707	0
574050	0
574101	0
574463	0
574530	0
574551	0
574591	0
574776	0
574940	0
575196	0
575234	0
575292	0
575546	0
575713	0
575752	1
575780	0
575807	0
575976	0
575998	0
576083	0
576329	0
576353	0
576371	0
576437	0
576642	0
576649	0
576691	1
576725	0
576748	0
576789	0
576817	0
576852	0
576866	0
576888	0
577175	0
577201	0
577289	0
577354	0
577420	0
577442	0
577476	1
577847	0
578003	1
578187	0
578229	0
578332	0
578407	0
578525	0
578554	0
578605	0
578863	0
579013	0
579073	0
579168	0
579171	0
579328	0
579366	0
579575	1
579617	1
579619	0
579732	0
579780	0
579962	0
580463	0
580527	0
580540	0
580610	0
580672	0
580778	1
580790	0
581050	0
581082	0
581108	0
581303	1
581329	0
581383	0
581833	0
582011	0
582072	0
582182	0
582279	0
582500	1
582665	0
582791	0
582792	0
582910	1
582955	0
582988	0
583040	0
583369	0
583513	0
583517	0
583529	0
583666	0
583703	0
583773	0
583942	0
584242	0
584397	1
584767	0
584819	1
584930	1
585217	0
585218	1
585508	0
585666	0
585685	0
585832	0
585839	0
585980	1
586180	0
586453	1
586523	0
586535	0
586747	0
586959	0
586979	0
587344	1
587385	0
587532	0
587809	0
587814	0
587877	0
588005	0
588023	0
588238	0
588290	0
588339	0
588392	0
588580	0
588647	0
588719	1
589076	0
589220	0
589243	0
589289	1
589308	0
589320	0
589344	0
589347	0
589572	0
589596	0
589717	0
589853	0
589988	1
590027	0
590239	0
590452	0
590837	0
590852	0
590858	0
590873	0
590905	0
591024	0
591207	0
591450	0
591507	0
591806	0
591869	0
592164	0
592171	1
592222	0
592429	0
592518	0
592668	0
592748	0
592859	0
593060	0
593083	0
593105	1
593154	1
593156	0
593171	0
593174	0
593175	0
593401	0
593469	0
593564	1
593574	0
593738	0
593741	0
593829	0
594035	0
594165	1
594184	1
594224	0
594314	0
594650	0
594739	0
594886	1
594909	0
594989	0
595054	0
595089	0
595092	0
595095	0
595222	0
595226	0
595447	0
595489	0
595537	0
595539	0
595596	0
596310	0
596312	0
596629	0
596737	0
596764	0
596802	0
596897	0
597025	1
597057	0
597090	0
597116	0
597122	0
597257	0
597263	0
597413	1
597429	0
597447	1
597541	0
597581	0
597659	0
597722	0
598364	0
598478	0
598576	0
598931	0
598961	0
599381	0
599513	1
599662	1
599726	0
599854	0
599898	0
599917	0
600223	0
600258	1
600267	0
600329	0
600333	0
600342	0
600815	0
600825	1
600890	0
600948	0
601095	0
601349	0
601426	0
601504	0
601569	1
601680	0
601841	0
601959	0
602073	0
602118	1
602208	0
602257	0
602401	1
602408	0
602494	0
602591	0
602606	0
602641	0
602739	0
602789	0
602989	0
603052	0
603275	0
603281	0
603893	0
603923	0
604007	0
604008	0
604090	0
604130	0
604278	0
604303	1
604368	0
604386	0
604387	0
604454	0
604489	0
604602	0
604740	0
604750	0
604926	0
605018	1
605066	0
605116	0
605201	0
605219	0
605249	0
605288	0
605346	0
605563	1
605689	1
605745	0
605872	0
605977	1
606018	0
606222	0
606419	0
606467	0
606650	0
606659	0
606743	0
606773	0
606808	0
606902	0
607002	0
607031	0
607239	0
607584	0
607716	0
607753	0
607893	1
607955	0
608076	0
608366	0
608414	0
608459	1
608796	0
608961	1
609182	1
609478	0
609481	0
609513	0
609580	1
609587	0
609964	0
609979	0
610057	0
610068	0
610671	0
610706	0
610737	0
610830	0
611006	0
611117	0
611156	0
611433	0
611879	0
612092	0
612127	0
612228	0
612229	0
612528	0
612562	0
612932	0
613062	0
613070	0
613074	0
613101	0
613154	0
613203	0
613608	1
613763	1
613888	1
614011	0
614310	0
614463	0
614516	1
614616	0
614831	0
614882	0
614923	1
614998	1
615073	0
615191	1
615458	0
615475	0
615494	0
615516	1
615608	0
615629	0
615667	0
615773	0
615830	0
615891	0
615927	1
616155	0
616258	0
616264	0
616273	0
616317	1
616320	0
616497	0
616594	0
616697	0
616708	0
616786	1
616884	0
617092	0
617115	0
617379	0
617414	1
617419	0
617579	0
617633	0
617651	0
617710	0
617963	0
618134	0
618452	0
618558	0
618821	0
618848	0
618902	0
619010	1
619084	0
619090	0
619188	0
619226	0
619334	0
619373	0
619721	1
619742	0
619757	0
619943	0
620023	0
620374	1
620463	0
620496	0
620560	0
620838	1
620894	0
621037	1
621104	0
621144	0
621306	0
621325	0
621402	0
621432	0
621520	1
621647	0
621697	0
621840	0
621934	1
622212	1
622678	0
622787	0
622940	1
623100	1
623109	0
623340	0
623374	0
623523	0
623745	0
623947	0
624001	0
624022	0
624111	0
624119	0
624457	0
624473	1
624481	0
624553	0
624616	0
624687	0
624716	0
624767	0
624841	1
624947	0
625001	0
625060	1
625349	0
625398	0
625479	0
625537	0
625654	0
625862	0
625895	0
625989	0
626034	1
626137	0
626162	0
626308	0
626467	0
626528	0
626583	0
626804	0
626867	0
626936	0
626989	0
627023	0
627174	0
627189	0
627332	1
627445	0
627747	0
628162	1
628298	0
628387	0
628429	0
628481	0
628494	0
628628	0
628667	0
628752	0
628765	0
628812	0
628843	0
629124	1
629287	0
629300	1
629492	0
629531	0
629744	0
629781	0
629822	0
629969	0
630024	0
630051	0
630075	1
630086	0
630311	0
630344	0
630659	1
630802	0
631138	0
631300	0
631637	0
631823	0
631862	0
631929	0
631965	0
631978	1
632067	0
632103	0
632258	0
632266	0
632281	0
632372	0
632573	0
632592	0
632654	0
632697	0
632703	0
632709	0
632863	0
632989	0
633029	0
633112	0
633225	0
633267	0
633367	0
633659	0
633662	0
633793	1
633877	0
634131	1
634221	1
634527	0
634672	0
634753	0
634775	0
634891	0
634923	1
634954	0
635029	0
635227	0
635349	0
635376	0
635443	0
635660	1
635734	0
635868	0
635883	0
635908	0
635941	0
636143	0
636260	0
636283	0
636387	0
636572	0
636604	0
636682	0
636683	0
636721	0
636784	0
636989	0
637062	0
637192	1
637235	1
637269	0
637399	1
637657	0
637691	1
637753	0
637754	1
637767	0
637777	0
638149	0
638310	1
638311	0
638350	0
638373	0
638468	0
638722	0
638881	0
639096	0
639224	0
639250	0
639282	0
639810	0
639928	0
639939	0
640015	0
640361	0
640390	0
640548	0
640735	0
641206	0
641431	0
641631	0
641637	1
641648	0
641760	0
641808	0
641896	0
643220	0
643320	0
643395	0
643523	0
643527	0
643685	0
643895	0
643937	0
643964	0
644105	0
644244	0
644334	0
644636	0
644820	0
644836	0
644955	0
644961	1
645117	0
645142	0
645176	0
645280	0
645323	0
645409	0
645476	0
645542	0
645583	0
645636	0
645670	0
646045	0
646061	0
646154	1
646169	0
646247	0
646288	0
646329	0
646354	1
646451	0
646755	0
646874	0
646884	0
646905	0
647103	0
647191	0
647206	0
647257	1
647271	0
647302	0
647420	1
647497	0
647752	0
647779	0
647896	0
647937	0
648102	0
648155	0
648252	0
648296	0
648422	0
648454	0
648496	0
649333	0
649350	0
649530	0
649571	0
649754	0
649964	0
650012	0
650161	0
650303	0
650324	0
650369	0
650438	0
650591	0
650775	0
651048	1
651890	0
651903	0
652099	0
652180	0
652258	0
652349	0
652364	0
652549	1
652603	0
652615	0
652683	1
652976	0
653123	0
653193	0
653290	0
654089	0
654144	0
654311	0
654348	0
654410	0
654607	0
654947	0
655362	0
655506	0
655584	0
655629	0
655671	0
655676	0
656059	0
656078	0
656158	0
656164	0
656201	0
656205	0
656271	0
656293	1
656502	1
656525	0
656530	0
656603	0
656795	0
656977	0
657024	0
657085	0
657228	0
657470	0
657614	0
657641	0
657673	0
657719	0
657743	0
657834	0
658111	0
658536	0
658593	0
658641	0
658660	0
658781	0
658870	0
659115	0
659426	0
659572	0
659587	0
659676	0
659677	0
659810	1
659878	0
659897	0
659914	1
660043	0
660254	0
660294	0
660398	0
660433	0
660486	0
660512	0
660595	0
660831	0
660908	1
661135	0
661362	0
661370	0
661439	1
661507	0
661721	1
661929	0
661930	0
661964	0
662129	0
662257	0
662273	0
662592	0
662646	0
662717	0
662895	0
662904	0
663018	0
663268	1
663388	0
663467	0
663858	0
663864	0
663903	1
664207	0
664233	0
664290	0
664492	0
664595	0
664784	0
664812	0
664931	0
665017	0
665048	0
665074	0
665094	0
665249	0
665328	1
665338	0
665390	0
665453	0
665554	0
665601	0
665622	1
665633	0
665723	0
665752	0
665839	0
666006	0
666126	0
666276	1
666277	0
666364	0
666379	0
666396	0
666490	1
666582	0
666610	0
666832	0
667045	0
667105	0
667209	0
667214	0
667326	0
667401	0
667440	0
667495	0
667507	0
667559	0
667581	0
667592	0
667865	0
667988	1
668195	0
668202	1
668219	0
668399	1
668538	0
668603	0
668660	0
668720	0
669077	0
669087	0
669222	0
669565	0
669678	0
670299	0
670367	0
670605	0
670638	0
670704	0
670802	0
670951	0
671075	0
671134	0
671152	0
671507	1
671675	1
671793	0
671862	0
672056	1
672057	0
672065	0
672095	0
672255	0
672320	1
672336	0
672433	0
672771	0
672859	0
673081	1
673341	0
673394	0
673533	0
673649	0
673690	0
673873	0
673930	0
673961	0
674146	0
674209	0
674255	1
674271	0
674275	0
674348	1
674352	0
674451	0
674564	0
674647	0
674871	0
674900	0
674903	1
675101	0
675176	0
675245	1
675383	0
675581	0
675612	0
675840	0
675968	0
676200	0
676790	0
677184	0
677363	0
677591	1
677638	0
677874	0
678415	1
678457	0
678616	1
678691	0
678867	0
678909	1
679059	0
679807	0
679816	1
679974	0
680101	0
680303	0
680505	1
680611	0
680673	0
680742	0
680754	0
680783	0
680848	0
680860	0
680947	1
681124	0
681245	0
681276	0
681278	0
681384	0
681455	0
681632	0
681762	0
681830	0
681980	0
682216	0
682232	0
682508	0
682597	0
682627	1
682701	0
682921	0
683201	0
683254	0
683421	1
683485	0
683537	1
683949	1
683969	0
683997	1
684172	0
684299	0
684491	1
684514	0
684537	0
684764	0
684772	0
684780	0
685088	0
685283	0
685285	0
685428	0
685474	0
685697	1
685841	0
685962	1
686023	0
686034	0
686067	0
686111	0
686119	1
686129	0
686185	1
686242	0
686528	0
686790	0
687111	0
687167	0
687216	0
687255	1
687392	0
687474	0
687503	0
687597	0
688186	0
688280	0
